0.0149148	0.0102631	0.00901358	0.00852396	0.00810769	0.00750448	0.00693379	0.00650928	0.00656806	0.00656151	
0.319792	0.317933	0.326164	0.330554	0.339141	0.329701	0.328106	0.339002	0.332838	0.334328	
0.377975	0.342523	0.357596	0.360655	0.340487	0.340075	0.370374	0.376743	0.368999	0.365766	
4.90932	5.11035	5.07649	5.09607	5.13564	5.12211	5.2274	5.10161	5.20498	5.23036	
3.66347	3.60864	3.73305	3.60346	3.5875	3.63805	3.60952	3.64806	3.66031	3.56644	
21.1522	21.443	21.5459	21.6575	21.727	21.7178	22.0029	21.7395	21.696	19.6477	
18.8108	18.7568	18.8538	17.626	16.4233	16.8125	18.7481	18.8711	18.9369	18.6835	
29.7003	29.4121	29.9321	29.5194	29.4939	29.6744	27.9525	26.0641	25.6239	25.6345	
27.6149	27.6598	27.7672	27.5976	27.8734	29.6195	23.3869	23.0039	24.0956	24.157	
28.3609	28.3349	28.0519	28.1448	28.2253	27.9221	28.2296	28.0763	28.0054	28.147	
	
0.00666383	0.00660408	0.00656147	0.00667983	0.00664927	0.0066126	0.00665286	0.006583	0.00671718	0.0066766	
0.344759	0.345035	0.345332	0.346777	0.31523	0.343357	0.31406	0.313667	0.33034	0.344879
0.37416	0.388785	0.376214	0.375388	0.387598	0.381616	0.388497	0.372749	0.373208	0.369793
5.27341	5.23323	5.30891	5.36592	5.36485	5.31672	5.40778	5.18588	5.25875	5.26639	
3.60443	3.6676	3.72096	3.60146	3.68781	3.70768	3.66169	3.64545	3.71983	3.63243
19.2047	19.1834	19.1627	19.1902	19.151	19.2498	19.2357	19.2011	19.2042	19.1622
19.2206	19.1845	19.163	19.1612	19.2446	17.9671	16.8546	16.7878	16.786	16.8005
26.5715	26.4333	26.5097	26.6681	26.4994	30.2414	30.071	30.1979	30.3281	30.4931
24.7932	26.055	28.2395	28.1774	25.0885	24.9856	24.9769	24.9317	24.9406	24.8027
28.5283	28.8563	28.5537	28.6757	28.7171	28.5513	28.9795	28.946	29.6939	28.5899